,αῖ .
,ω4 444444, 4444 44 444444, 4 4444444444 44444- 444
4444 4444444 4444444 44444444 4444444 ..4044
44η. 4444444444 4 44444444 4444444444 444444 ,
, 4444444, 44444444 44 44 44444444 4444444,

mx „zo-..zzzmo44 4444 4444444.. 4444444444 ,

, ,44444444 44444444 444444 4,

..4444
,444444 4444444 4444444 4444444 444444. 444444 ,

,4   4444444 ,44444 4444- 4404oe ..44444444 44 44444444 444

444 444. 4444444, 4444 444444 4444444 4444444444,
444444, 44 4444444 444 44444 44 444443 444 44444,
4 ,4 4444444444 44444444 444444 4 4444444
„44444444 444440444 4444 4444444 4444 44444
4 ,44444444 44444 44444 4444444444 4444444444 ‚44
, ,44 4444 „4444 44444444 4444444 4 444444 444440 .
, 4444444 44444444 444444 44444444 :444 4444
44 {m 4 43444444 44 44444 444444 4444
44444, 444, 44444 4 ‚4444 44444 4444 444 4444,
, 4444 ,εΗ-,44 4404 4 4444444344 44 44444444, .
. ,444 44444 444444 4 4444 44444444 44444444 ,444444
44 44- ,4 4444444444444 ,44 444444 44444.

4444 4 44444 4.

44444 440 044 444444444ω 4 .,

, ,4444444444 44444444, 444444, 444440 444444

444

 

